2 0.533261 0.350852 0.207842 0.191268
3 0.557413 0.601157 0.0866095 0.121733
6 0.540431 0.412629 0.363177 0.565291
3 0.456697 0.577126 0.0765833 0.103684
2 0.533261 0.350852 0.207842 0.191268
3 0.557413 0.601157 0.0866095 0.121733
6 0.540431 0.412629 0.363177 0.565291
3 0.456697 0.577126 0.0765833 0.103684
0 0.544077 0.200151 0.115751 0.054879
1 0.424716 0.456927 0.060802 0.0608364
4 0.543845 0.227934 0.107729 0.0342074
4 0.542306 0.227912 0.104667 0.0259821
1 0.652785 0.452041 0.0614853 0.0635882
1 0.652232 0.452349 0.0688537 0.0692267
